47664
7787
10360
306
906914
9935
562
30069
478009
160791
9796
100226
7460
241073
145943
5059
1639
284812
1006581
546414
1239
40137
3603
38783
10116
5061
298386
5833
4530
155864
3702
1349
4113
96939
7215
1282
1299
884019
3112
3168
4081
184922
278161
407821
51997
7719
5874
171101
508771
287
315750
8022
332648
29911
338654
1344414
1351
226185
1773
4934
1247
7394
449447
1076
622
90461
144042
203275
9913
718308
67593
1148
575412
4787
7955
9940
3055
7091
4100
186806
114727
554
349161
2096
632
307796
174633
360104
420245
435258
347515
208964
34305
9838
1282
6269
4896
1131323
37965
34317
29491
70448
511145
521009
481672
431275
226900
1902
630
32049
198215
5866
515622
1314
3932
378548
29760
559292
4932
108061
32644
8127
145953
135062
593117
41856
31646
6239
56029
90690
1280
929793
10090
160490
2261
35554
234
237561
3847
38727
60423
3347
2
4577
264201
11786
430066
7227
85962
7962
546991
210352
174934
348780
1134506
777
7609
671143
52638
56031
29159
803
29459
33083
224308
269796
425011
83333
1264690
107243
197
86794
187878
1471
35084
6183
5476
451515
33090
243230
273068
6655
2214
294
6491
1143
694569
9534
544404
101510
7070
7029
36329
9606
44689
5702
2239
29780
42156
1097
