3847
144042
32644
135062
287
35084
186806
NCBITaxon:630
10360
9606
449447
7460
224308
306
6183
269796
671143
264201
1471
29760
451515
511145
593117
70448
1264690
1639
508771
7962
90690
29491
544404
38783
41856
31646
1773
1239
481672
431275
906914
338654
3603
1006581
1282
208964
9534
11786
10090
9913
430066
425011
4577
1280
33083
2096
8127
315750
90461
10116
29459
3932
284812
2239
694569
6239
197
1097
37965
546414
273068
9796
56029
9935
44689
6491
108061
5833
4081
96939
241073
56031
30069
515622
36329
622
67593
1314
243230
4100
5866
7394
114727
546991
226900
1344414
101510
559292
155864
174633
29159
83333
210352
349161
145953
1902
4530
7091
1076
7787
198215
420245
435258
347515
1148
1143
2261
2
5702
237561
3347
34305
7215
86794
929793
1349
884019
718308
602
4787
1299
60423
5476
5874
8022
407821
52638
6269
33090
32049
35554
85962
575412
40137
3112
3168
562
1247
6655
5059
521009
777
294
4934
378548
160490
107243
187878
174934
2214
7609
5085
100226
7070
7227
7029
203275
348780
5061
554
145943
38727
4896
1134506
4932
234
51997
3702
3055
1131323
360104
1351
226185
null
803
632
160791
478009
307796
42156
7955
278161
9838
34317
7719
4113
47664
9940
332648
29911
298386
29780
184922
171101








