3847
144042
32644,135062
287
35084
186806,NCBITaxon:630
10360,9606
449447
7460
224308
306
6183
269796
671143
264201
1471
29760
451515
511145
593117
70448
1264690
1639
508771
7962
90690
29491
544404
38783
41856,31646
1773
1239
481672,431275
906914
338654
3603
1006581
1282
208964
9606,90690
9534
11786,10090,9913,430066
425011
4577
1280
33083
2096
8127
2,1282
315750
90461,10116
29459
3932
284812
2239
694569
6239
197
1097
37965
546414
273068
9796
56029
9935,9606
44689
6491
108061
5833
4081
29760,96939,241073
56031
30069
515622
9606
36329
9913
622
67593
1314
243230
4100
5866
7394
114727
546991
226900
1344414
101510
559292
10090,9606
155864
174633
29159
83333
210352
349161
145953
1902
10090
4530
7091
1076
7787
198215
420245,435258,347515
1148,1143
2261
2
5702
237561
3347
34305
7215
86794
11786,10090,9913
929793
1349
884019
718308
2,NCBITaxon:630
602
4787
unknown
1299
60423
5476
5874
8022
407821
52638
6269
33090
32049
35554
32644
85962
575412
40137
3112,3168
562
1247
6655
96939
5059
521009
777
10116
294
4934
1148
378548
160490
107243
187878
174934
2214
7609
5085
100226
7460,7070,7227,7029,7091
203275
348780
5061
554
145943
NCBITaxon:630
38727
4896
1134506
4932
234
9913,9606
51997
3702
3055
1131323
360104
7227
1351,226185
null
803
632
160791
478009
307796
42156
7955
278161
9838
34317
7719
4113
47664
9940
332648,29911
298386
29780
184922
9606,171101
1131323
42156
481672,431275
7719
378548
9913
174934
349161
29459
1148
1349
6269
5866
198215
38783
332648,29911
593117
3847
1471
1773
1314
4113
1902
360104
208964
100226
10116
884019
56031
9606,90690
284812
3702
85962
449447
4787
52638
187878
243230
632
174633
3055
694569
5476
7955
90461,10116
56029
5702
287
5059
null
37965
478009
269796
41856,31646
29159
10090,9606
NCBITaxon:630
33083
9534
9838
1097
186806,NCBITaxon:630
2,1282
5085
6655
4530
30069
96939
unknown
3932
8022
562
2214
1239
101510
155864
315750
7787
298386
7460,7070,7227,7029,7091
2096
32644
32049
29780
224308
4577
515622
237561
264201
9940
9606,171101
1299
29760,96939,241073
10090
307796
226900
33090
60423
7227
508771
4896
9796
35554
160791
348780
29760
1247
3603
671143
6239
35084
107243
7962
2
11786,10090,9913
2,NCBITaxon:630
777
1351,226185
425011
1344414
51997
1148,1143
4934
40137
1280
338654
29491
1264690
718308
273068
1282
7460
294
622
9935,9606
38727
7394
420245,435258,347515
67593
278161
203275
554
160490
86794
407821
5061
546414
70448
11786,10090,9913,430066
451515
9606
90690
6491
3347
114727
1006581
44689
145953
544404
2239
602
906914
7215
5874
47664
34317
8127
575412
7609
4081
234
144042
1134506
306
32644,135062
559292
108061
1076
145943
1639
2261
3112,3168
5833
7091
803
184922
6183
10360,9606
197
36329
929793
83333
546991
4100
9913,9606
4932
210352
521009
34305
511145
6183
10090,9606
632
6239
4934
40137
237561
9606,171101
1282
338654
5874
226900
1902
2261
5833
360104
1471
269796
9838
575412
7787
11786,10090,9913,430066
9796
1134506
7962
5476
7394
198215
884019
51997
508771
29760
56029
174934
56031
60423
307796
10360,9606
108061
9935,9606
33083
562
6491
521009
144042
481672,431275
4113
451515
315750
2214
35554
4932
30069
96939
1239
1299
187878
85962
1349
407821
44689
33090
9534
32644,135062
7091
208964
803
67593
7955
298386
906914
1344414
unknown
1148
36329
4100
100226
9913
184922
1351,226185
546991
38727
1773
155864
559292
3112,3168
210352
7719
34317
593117
10090
145953
8127
29159
null
38783
70448
243230
1097
332648,29911
694569
1314
9606,90690
4577
160490
284812
6269
306
90461,10116
41856,31646
186806,NCBITaxon:630
1076
7609
511145
3932
2,1282
1247
32049
1264690
348780
42156
554
114727
29459
4530
4081
1006581
7460
29780
1639
2,NCBITaxon:630
515622
203275
544404
420245,435258,347515
5866
1131323
3702
7460,7070,7227,7029,7091
8022
6655
234
11786,10090,9913
32644
3603
287
349161
10116
9913,9606
425011
145943
1280
3055
378548
4896
7215
449447
34305
1148,1143
9606
7227
9940
86794
37965
264201
5059
718308
52638
35084
5085
29491
777
4787
47664
2
83333
929793
294
2239
107243
622
29760,96939,241073
671143
160791
101510
546414
478009
3347
273068
278161
197
5702
602
NCBITaxon:630
224308
90690
3847
5061
174633
2096
56031
101510
7955
210352
145953
108061
5833
546991
349161
3702
3847
7609
32644,135062
56029
278161
7460,7070,7227,7029,7091
90690
593117
2214
51997
184922
33090
1239
35554
7215
237561
1097
42156
3347
2096
338654
9606
29760
5059
481672,431275
1349
36329
224308
906914
10090
515622
269796
29760,96939,241073
3603
160791
294
7460
9940
1076
67593
32049
9935,9606
203275
83333
208964
4934
554
1299
35084
1773
9534
2,1282
7719
559292
198215
9606,171101
632
1247
3055
1282
144042
8127
6655
145943
9838
478009
521009
52638
1148
7227
9606,90690
7091
38727
284812
7787
5476
562
1264690
4113
5061
407821
420245,435258,347515
6239
3932
47664
34305
332648,29911
5702
508771
1006581
37965
5085
718308
243230
7962
187878
777
29780
4530
11786,10090,9913
6183
1148,1143
1314
8022
348780
NCBITaxon:630
306
11786,10090,9913,430066
41856,31646
544404
315750
86794
34317
85962
803
929793
29459
197
10090,9606
2
9913
4787
6269
298386
174934
378548
7394
114727
1280
2,NCBITaxon:630
5866
29491
9796
90461,10116
307796
3112,3168
1344414
40137
511145
96939
4577
2261
5874
2239
1639
1131323
425011
null
10116
32644
44689
29159
1351,226185
174633
4100
884019
9913,9606
671143
186806,NCBITaxon:630
1902
6491
100226
575412
1134506
4932
60423
155864
30069
546414
38783
70448
33083
234
4081
160490
273068
1471
264201
287
10360,9606
449447
4896
360104
451515
107243
602
226900
694569
unknown
622
107243
9838
29780
unknown
2
284812
67593
4100
7215
8127
521009
2,1282
449447
4896
2,NCBITaxon:630
481672,431275
226900
5059
10090
562
315750
9913,9606
1280
174633
10116
NCBITaxon:630
83333
546414
544404
360104
1282
6655
5833
575412
5702
298386
234
9534
60423
1314
90690
1902
7609
160791
1639
4113
1471
4081
3055
35554
9935,9606
5476
187878
3847
36329
632
451515
1264690
29459
554
29760,96939,241073
9606
2214
7091
777
278161
7394
197
478009
1299
307796
90461,10116
7227
44689
85962
1349
1239
4577
2096
332648,29911
4787
52638
7955
155864
4530
208964
593117
5085
1097
7719
7787
511145
47664
108061
34317
101510
70448
9940
29760
null
546991
884019
1006581
210352
198215
306
3603
243230
348780
1773
11786,10090,9913
144042
32644,135062
1076
40137
1134506
5874
7962
30069
33083
38727
160490
29491
1247
35084
508771
4934
33090
287
2239
37965
906914
3932
41856,31646
671143
3347
5061
1351,226185
273068
602
5866
3112,3168
7460
378548
56031
86794
9606,171101
1131323
114727
224308
1148
10360,9606
1344414
32049
10090,9606
11786,10090,9913,430066
694569
174934
34305
9606,90690
32644
425011
96939
9913
803
622
186806,NCBITaxon:630
264201
100226
51997
2261
3702
1148,1143
929793
6183
237561
559292
203275
29159
7460,7070,7227,7029,7091
6491
145943
349161
184922
294
718308
407821
515622
6239
38783
8022
56029
9796
6269
420245,435258,347515
4932
42156
145953
269796
338654
6183
33083
67593
546991
9606
29491
108061
4934
3055
56031
1282
5833
234
226900
1471
6491
30069
562
37965
186806,NCBITaxon:630
478009
41856,31646
208964
1006581
38783
40137
144042
6655
777
203275
349161
508771
7719
1076
224308
546414
360104
671143
60423
47664
44689
4932
7955
6269
9940
8022
34317
884019
145953
294
284812
70448
602
52638
1773
9935,9606
332648,29911
101510
unknown
449447
8127
1351,226185
269796
694569
9534
1134506
2239
197
145943
407821
3702
298386
4577
1299
559292
9796
5866
96939
174633
10090
7460
32644
160791
29780
2,NCBITaxon:630
521009
7091
2
1239
38727
451515
906914
511145
7609
107243
4896
7460,7070,7227,7029,7091
315750
718308
7227
7215
803
10360,9606
2261
243230
32049
null
7962
554
2214
1344414
4113
622
7787
3932
51997
4530
10090,9606
9913,9606
83333
4100
174934
6239
11786,10090,9913,430066
155864
86794
4081
1902
187878
420245,435258,347515
3603
160490
36329
29459
29159
929793
378548
481672,431275
29760
5059
114727
35084
1639
198215
338654
1264690
56029
9838
9606,90690
34305
593117
210352
5476
32644,135062
278161
307796
90461,10116
264201
90690
425011
1247
1349
35554
100226
348780
11786,10090,9913
575412
184922
2096
7394
1314
29760,96939,241073
4787
1280
5702
NCBITaxon:630
9913
3347
1097
5874
85962
287
3112,3168
5061
273068
237561
1131323
42156
515622
544404
10116
3847
1148
5085
306
9606,171101
632
33090
1148,1143
2,1282
481672,431275
1148
9913
11786,10090,9913,430066
6655
107243
2214
264201
203275
287
544404
3603
9606
9606,171101
35554
90461,10116
360104
4113
5874
52638
29159
null
6269
144042
1264690
70448
234
284812
632
7460
884019
unknown
10090,9606
34317
562
5702
2,1282
4787
1097
186806,NCBITaxon:630
3702
1314
5833
7787
1471
5085
9935,9606
1076
298386
9940
4896
315750
718308
1239
294
184922
174633
3847
145953
348780
8127
32644
593117
1639
5059
420245,435258,347515
60423
694569
4577
37965
7962
10090
1247
7394
4530
929793
4932
56031
38727
1299
29780
174934
449447
1131323
511145
803
332648,29911
29760
7091
155864
521009
7719
3347
197
7460,7070,7227,7029,7091
1773
349161
622
101510
3055
1280
33090
378548
83333
198215
4100
478009
208964
1148,1143
5866
4081
90690
546991
210352
11786,10090,9913
36329
40137
451515
9606,90690
7215
1282
546414
269796
7609
29459
1006581
2
6491
85962
273068
34305
671143
224308
29760,96939,241073
559292
1344414
44689
67593
2239
2261
554
96939
38783
2,NCBITaxon:630
425011
1134506
8022
10116
306
5476
32644,135062
338654
56029
160791
187878
145943
407821
243230
41856,31646
7955
5061
508771
9534
108061
9913,9606
47664
6183
226900
7227
160490
33083
602
32049
307796
30069
1902
3112,3168
1351,226185
777
1349
237561
906914
9838
2096
515622
4934
35084
42156
51997
9796
114727
100226
NCBITaxon:630
86794
10360,9606
6239
29491
278161
575412
3932
10090
575412
284812
1148,1143
174633
101510
4896
8022
35084
3847
2,NCBITaxon:630
544404
5476
777
2214
32049
1264690
3055
33090
546414
4100
1639
11786,10090,9913,430066
4934
332648,29911
42156
6183
1299
226900
307796
186806,NCBITaxon:630
7227
234
9606
29760,96939,241073
4081
44689
90461,10116
906914
5874
803
unknown
198215
203275
622
7962
360104
9534
184922
144042
1247
1097
29491
160791
287
1239
9606,171101
7460
1349
187878
56029
5059
11786,10090,9913
593117
5061
7719
2
521009
47664
3603
5833
155864
1131323
7091
1134506
515622
306
294
6491
407821
1351,226185
9838
602
718308
114727
3932
40137
315750
349161
5085
420245,435258,347515
29159
41856,31646
100226
3112,3168
2261
671143
1314
278161
511145
1471
29459
9913
85962
210352
694569
632
478009
4787
546991
10116
5866
1006581
1773
36329
52638
237561
4530
1280
481672,431275
9796
38783
32644
56031
7215
243230
559292
86794
197
4113
8127
30069
378548
37965
32644,135062
348780
60423
4577
2096
7787
1902
298386
269796
9935,9606
208964
7955
3347
7609
160490
449447
6655
67593
34305
7460,7070,7227,7029,7091
174934
145943
6239
7394
1344414
33083
884019
264201
554
4932
5702
90690
273068
70448
1282
508771
929793
9940
9913,9606
29780
null
1148
224308
108061
NCBITaxon:630
562
145953
34317
338654
51997
2239
38727
107243
35554
3702
451515
83333
1076
10360,9606
29760
9606,90690
2,1282
96939
10090,9606
6269
425011
33090
101510
521009
186806,NCBITaxon:630
777
42156
70448
9913,9606
107243
5476
1076
287
554
348780
1264690
47664
9606
3055
5874
187878
4577
544404
273068
234
1131323
1639
56029
2,1282
338654
155864
6183
7787
4932
575412
451515
237561
9913
884019
7227
145953
86794
378548
198215
7719
420245,435258,347515
9534
5833
306
6491
32049
3112,3168
1351,226185
546991
38727
5061
2
803
37965
449447
108061
184922
4081
33083
32644,135062
41856,31646
1247
481672,431275
1097
10116
NCBITaxon:630
145943
34305
100226
5085
10090
315750
210352
7460,7070,7227,7029,7091
4100
671143
4934
203275
5702
10090,9606
1344414
3932
35084
1148,1143
307796
3847
9796
1148
6269
1134506
29760
90461,10116
9838
407821
515622
144042
284812
1314
3347
906914
30069
29159
425011
29491
10360,9606
34317
7962
1006581
29459
7215
1280
622
83333
4787
35554
unknown
511145
67593
114727
51997
1773
40137
208964
1299
90690
32644
8127
4113
929793
6655
5866
349161
360104
11786,10090,9913,430066
9606,90690
60423
2,NCBITaxon:630
197
174934
264201
294
593117
718308
332648,29911
9940
298386
52638
6239
7460
278161
562
2261
11786,10090,9913
1349
29760,96939,241073
2214
5059
2239
226900
44689
9935,9606
7091
29780
1282
2096
8022
224308
602
4896
4530
7394
3702
546414
160791
36329
160490
478009
694569
38783
559292
3603
508771
56031
174633
1471
96939
7609
243230
7955
null
1902
632
85962
1239
9606,171101
269796
